# CoordinateSystem: LOCAL_CS["Local Coordinates (m)",LOCAL_DATUM["Local Datum",0],UNIT["metre",1,AUTHORITY["EPSG","9001"]]]
#Label	X	Y	Z	Accuracy_X/Y/Z_(m)	Error_(m)	X_error	Y_error	Z_error	X_est	Y_est	Z_est	X_var	Y_var	Z_var
1	0.352000	1.871000	0.474000	0.005000	0.179673	-0.033059	-0.176253	0.011141	0.318941	1.694747	0.485141			
2	0.469000	1.698000	0.494000	0.005000	0.154873	-0.044774	-0.147471	0.015268	0.424226	1.550529	0.509268			
3	0.163000	1.350000	0.498000	0.005000	0.167031	0.001519	0.167019	-0.001343	0.164519	1.517019	0.496657			
4	0.351000	1.355000	0.532000	0.005000	0.103963	-0.019570	-0.101886	0.006682	0.331430	1.253114	0.538682			
5	0.463000	1.116000	0.562000	0.005000	0.068786	-0.028391	-0.062654	-0.000108	0.434609	1.053346	0.561892			
6	0.211000	1.116000	0.562000	0.005000	0.072228	0.008805	-0.070960	-0.010201	0.219805	1.045040	0.551799			
7	0.332000	0.850000	0.584000	0.005000	0.028059	-0.000688	-0.027346	0.006250	0.331312	0.822654	0.590250			
8	0.171000	0.700000	0.599000	0.005000	0.029479	0.026908	-0.011922	-0.001679	0.197908	0.688078	0.597321			
9	0.470000	0.530000	0.620000	0.005000	0.027348	-0.011118	0.024293	0.005847	0.458882	0.554293	0.625847			
10	0.281000	0.275000	0.643000	0.005000	0.060218	0.021846	0.056110	0.000802	0.302846	0.331110	0.643802			
target 47														
#Total error					0.087749	0.019250	0.085455	0.005185						
